632491
347323
800743
668897
40065
550620
811737
291463
542337
797005
149233
32563
5712
37006
440525
16439
375877
435955
46060
201431
379960
192928
700897
125637
459446
528588
568242
966298
732631
948293
475538
880296
842224
83709
789668
364569
963913
192773
294877
755054
453343
999292
324686
548781
63845
312254
775097
415101
716627
153783
762005
613848
26543
711286
773438
461706
744293
116562
997179
395730
449106
477468
934275
441860
23345
155282
989967
986738
80613
379560
316716
186272
103390
148666
549509
272205
795705
227674
386993
834344
487352
999359
761534
553634
750311
599616
956854
918439
868351
914972
166788
755297
862672
392359
124816
616242
928256
735561
576337
134055
402580
660014
252929
591807
843698
493735
366870
11965
490843
422382
128604
235869
513699
245628
790543
699252
424402
727083
356067
543315
241103
845866
666523
906301
755521
342366
311367
839091
253822
918296
647810
942101
299899
589146
749162
385607
226149
78862
158218
487274
620193
657566
480006
385670
403072
743130
146398
149817
64197
933451
67855
334858
590073
51377
939847
271430
336275
347988
797544
350145
318024
68169
626674
767411
385969
914794
660586
615
406119
230830
279322
121053
589137
352153
193955
120515
656452
611719
441453
241624
906123
901566
828685
210313
149579
618826
549583
292414
239191
547601
983970
575266
512415
794119
104178
772487
827382
924606
545984
785867
543477
992161
179545
208033
58606
571411
47257
116697
171829
248806
385649
171757
585461
964317
920145
151227
923556
484404
868293
337658
504233
752203
7755
620558
869730
435551
602504
764779
86667
239682
850492
434459
537216
619277
613043
680156
71742
708388
387224
362792
423702
217814
172207
146383
223511
770594
1854
180122
146276
173415
573016
423296
650672
692854
68411
811647
483495
935527
556209
671833
342289
312242
468027
115429
516349
805849
436080
358819
93198
720195
173195
8236
795155
873774
739659
365180
65130
693401
432783
908400
977319
574377
211397
102226
701977
594891
660827
746939
758494
729860
559222
387904
267735
121358
9170
132593
84782
477708
624729
827323
504924
514120
132832
550319
832950
554291
817442
234738
5796
387314
711690
74038
459311
725887
389478
635022
493626
467953
466215
523800
986029
189283
483250
994954
599215
282608
724360
569184
557921
787822
79182
489507
248362
363994
332090
836558
694662
946987
595414
545258
441505
328106
478469
693535
230159
12252
124251
938140
875736
977312
685586
785081
438169
590043
640926
268213
658160
207129
680121
391896
545963
856191
467457
280436
649137
754756
884380
108047
12390
834105
43202
832909
623839
448137
362076
929818
7826
92272
774014
963847
878276
312248
383616
865402
976260
443606
397904
683636
883573
188061
806677
539165
491915
285392
71651
411264
604438
552900
122634
880076
68537
400053
121286
12552
598011
594257
337413
378655
629083
50374
176484
747751
9667
710159
365499
291268
175164
880641
931862
321373
526585
159395
316002
730185
93031
883309
590251
806723
99304
995066
811041
294283
201051
186094
178666
478768
576004
742416
881206
261054
603037
88218
402186
183431
435449
958953
13336
100734
182804
812823
677295
124130
329179
651538
945045
798396
709679
884132
138562
47864
183098
697904
910959
930949
528451
628919
470440
157496
717918
966501
998587
407017
128505
542652
823126
831735
665849
1660
769697
841599
488918
809607
385024
608351
480247
797321
417936
600097
763675
439707
68222
712080
240888
122996
863489
385527
111964
367020
321373
848222
35414
465456
686163
298677
997593
630453
349696
636556
148226
329956
910064
965378
809389
621337
348410
755080
428406
94026
450845
568048
177894
100761
943720
109796
399702
861588
689504
360584
54428
829471
210347
656271
221294
128882
74977
746377
127573
560057
674394
407554
300775
140534
461265
205408
829619
121128
715844
559513
118952
406636
819015
164346
699266
150627
450009
496173
115737
541965
375483
488209
816307
874613
838912
523473
220080
578664
609004
671555
483780
363073
538153
558120
398511
641709
317110
41384
403576
389790
83088
661136
734960
650505
560382
816882
749688
204933
555255
328358
312259
4079
234798
507466
749779
192877
408311
885379
348660
847843
741714
674374
340656
513865
460207
849024
145796
622840
702968
927400
64272
932958
524039
949702
376943
833218
341391
175337
12812
250341
497238
536786
122328
192426
128083
392815
495721
74974
514202
365846
18673
337047
382024
193294
175793
39937
495638
214087
442368
331447
36999
842695
843033
657630
956358
259000
357042
23926
676288
495992
426583
539459
170691
629101
516295
704063
874777
555594
697772
122770
693885
265947
398939
489371
35404
843385
301077
733273
817611
302068
83647
617446
58628
375253
919498
748196
418465
704494
36510
440566
312061
979776
310491
23043
612277
46055
286666
733882
23295
572635
985336
58206
857633
847633
393186
455203
451602
551183
725129
169520
448620
744948
138510
98667
323465
599168
100886
199133
305592
41622
467550
499058
576112
205030
571210
202238
966391
161602
464776
762961
864677
250583
665543
315388
82354
188946
213801
537989
313232
957787
475672
197069
165653
356449
930149
152463
439277
554451
279091
271002
197902
818072
61520
379186
763123
272653
255725
154333
346343
411448
571547
86525
106657
187115
331675
96818
292806
415972
874952
578376
302819
623487
110620
337985
294976
333781
510429
175754
341570
381830
256252
11734
884451
636339
250675
485278
966940
72413
3676
444144
851000
509475
198794
262941
248610
992472
97529
834631
787564
450762
371018
357323
664059
760110
337477
265829
945192
977825
797430
83634
336435
167870
63813
529835
608562
224071
428647
587486
259273
941412
360423
295515
283673
775529
694326
167300
515887
512176
175531
666339
268021
592764
991835
588243
756088
139094
319641
793630
371548
479462
604233
485089
88930
626054
476892
821923
365647
162955
76561
331402
493027
259880
561777
844477
132591
789656
797598
778925
785307
678947
936317
626436
971985
691783
209807
622098
715143
655884
275887
212124
157587
804377
955658
480960
689723
633773
506746
455876
728161
783925
71941
591093
124709
381972
611494
837264
159296
726121
704264
790364
368929
223207
12025
884021
248007
343489
621004
525648
60731
457931
806756
469916
420843
701988
317243
107994
927450
189545
821277
742280
662387
274685
260310
76172
281614
184579
292704
397514
147105
931604
743034
320108
355573
115278
923308
418289
667642
318965
521892
636969
165664
299667
758840
498435
273026
825603
352765
815994
182849
237426
285602
929571
505372
70793
935557
590759
731312
201812
137979
835284
281660
292221
302360
667609
160527
465695
256826
553999
509065
46313
382278
55930
690386
156464
30879
128647
115455
208524
831761
603250
306195
847163
137662
820588
822116
501157
375858
286798
521578
110221
263997
431597
241110
44187
383319
565243
146232
123690
47472
869438
842929
403102
834345
242859
755274
32164
709878
665654
878676
817681
415249
263211
284209
957346
872647
787664
421976
216234
750192
372576
480192
238039