999359
999292
998587
997593
997179
995066
994954
992472
992161
991835
989967
986738
986029
985336
983970
979776
977825
977319
977312
976260
971985
966940
966501
966391
966298
965378
964317
963913
963847
958953
957787
957346
956854
956358
955658
949702
948293
946987
945192
945045
943720
942101
941412
939847
938140
936317
935557
935527
934275
933451
932958
931862
931604
930949
930149
929818
929571
928256
927450
927400
924606
923556
923308
920145
919498
918439
918296
914972
914794
910959
910064
908400
906301
906123
901566
885379
884451
884380
884132
884021
883573
883309
881206
880641
880296
880076
878676
878276
875736
874952
874777
874613
873774
872647
869730
869438
868351
868293
865402
864677
863489
862672
861588
857633
856191
851000
850492
849024
848222
847843
847633
847163
845866
844477
843698
843385
843033
842929
842695
842224
841599
839091
838912
837264
836558
835284
834631
834345
834344
834105
833218
832950
832909
831761
831735
829619
829471
828685
827382
827323
825603
823126
822116
821923
821277
820588
819015
818072
817681
817611
817442
816882
816307
815994
812823
811737
811647
811041
809607
809389
806756
806723
806677
805849
804377
800743
798396
797598
797544
797430
797321
797005
795705
795155
794119
793630
790543
790364
789668
789656
787822
787664
787564
785867
785307
785081
783925
778925
775529
775097
774014
773438
772487
770594
769697
767411
764779
763675
763123
762961
762005
761534
760110
758840
758494
756088
755521
755297
755274
755080
755054
754756
752203
750311
750192
749779
749688
749162
748196
747751
746939
746377
744948
744293
743130
743034
742416
742280
741714
739659
735561
734960
733882
733273
732631
731312
730185
729860
728161
727083
726121
725887
725129
724360
720195
717918
716627
715844
715143
712080
711690
711286
710159
709878
709679
708388
704494
704264
704063
702968
701988
701977
700897
699266
699252
697904
697772
694662
694326
693885
693535
693401
692854
691783
690386
689723
689504
686163
685586
683636
680156
680121
678947
677295
676288
674394
674374
671833
671555
668897
667642
667609
666523
666339
665849
665654
665543
664059
662387
661136
660827
660586
660014
658160
657630
657566
656452
656271
655884
651538
650672
650505
649137
647810
641709
640926
636969
636556
636339
635022
633773
632491
630453
629101
629083
628919
626674
626436
626054
624729
623839
623487
622840
622098
621337
621004
620558
620193
619277
618826
617446
616242
613848
613043
612277
611719
611494
609004
608562
608351
604438
604233
603250
603037
602504
600097
599616
599215
599168
598011
595414
594891
594257
592764
591807
591093
590759
590251
590073
590043
589146
589137
588243
587486
585461
578664
578376
576337
576112
576004
575266
574377
573016
572635
571547
571411
571210
569184
568242
568048
565243
561777
560382
560057
559513
559222
558120
557921
556209
555594
555255
554451
554291
553999
553634
552900
551183
550620
550319
549583
549509
548781
547601
545984
545963
545258
543477
543315
542652
542337
541965
539459
539165
538153
537989
537216
536786
529835
528588
528451
526585
525648
524039
523800
523473
521892
521578
516349
516295
515887
514202
514120
513865
513699
512415
512176
510429
509475
509065
507466
506746
505372
504924
504233
501157
499058
498435
497238
496173
495992
495721
495638
493735
493626
493027
491915
490843
489507
489371
488918
488209
487352
487274
485278
485089
484404
483780
483495
483250
480960
480247
480192
480006
479462
478768
478469
477708
477468
476892
475672
475538
470440
469916
468027
467953
467550
467457
466215
465695
465456
464776
461706
461265
460207
459446
459311
457931
455876
455203
453343
451602
450845
450762
450009
449106
448620
448137
444144
443606
442368
441860
441505
441453
440566
440525
439707
439277
438169
436080
435955
435551
435449
434459
432783
431597
428647
428406
426583
424402
423702
423296
422382
421976
420843
418465
418289
417936
415972
415249
415101
411448
411264
408311
407554
407017
406636
406119
403576
403102
403072
402580
402186
400053
399702
398939
398511
397904
397514
395730
393186
392815
392359
391896
389790
389478
387904
387314
387224
386993
385969
385670
385649
385607
385527
385024
383616
383319
382278
382024
381972
381830
379960
379560
379186
378655
376943
375877
375858
375483
375253
372576
371548
371018
368929
367020
366870
365846
365647
365499
365180
364569
363994
363073
362792
362076
360584
360423
358819
357323
357042
356449
356067
355573
352765
352153
350145
349696
348660
348410
347988
347323
346343
343489
342366
342289
341570
341391
340656
337985
337658
337477
337413
337047
336435
336275
334858
333781
332090
331675
331447
331402
329956
329179
328358
328106
324686
323465
321373
321373
320108
319641
318965
318024
317243
317110
316716
316002
315388
313232
312259
312254
312248
312242
312061
311367
310491
306195
305592
302819
302360
302068
301077
300775
299899
299667
298677
295515
294976
294877
294283
292806
292704
292414
292221
291463
291268
286798
286666
285602
285392
284209
283673
282608
281660
281614
280436
279322
279091
275887
274685
273026
272653
272205
271430
271002
268213
268021
267735
265947
265829
263997
263211
262941
261054
260310
259880
259273
259000
256826
256252
255725
253822
252929
250675
250583
250341
248806
248610
248362
248007
245628
242859
241624
241110
241103
240888
239682
239191
238039
237426
235869
234798
234738
230830
230159
227674
226149
224071
223511
223207
221294
220080
217814
216234
214087
213801
212124
211397
210347
210313
209807
208524
208033
207129
205408
205030
204933
202238
201812
201431
201051
199133
198794
197902
197069
193955
193294
192928
192877
192773
192426
189545
189283
188946
188061
187115
186272
186094
184579
183431
183098
182849
182804
180122
179545
178666
177894
176484
175793
175754
175531
175337
175164
173415
173195
172207
171829
171757
170691
169520
167870
167300
166788
165664
165653
164346
162955
161602
160527
159395
159296
158218
157587
157496
156464
155282
154333
153783
152463
151227
150627
149817
149579
149233
148666
148226
147105
146398
146383
146276
146232
145796
140534
139094
138562
138510
137979
137662
134055
132832
132593
132591
128882
128647
128604
128505
128083
127573
125637
124816
124709
124251
124130
123690
122996
122770
122634
122328
121358
121286
121128
121053
120515
118952
116697
116562
115737
115455
115429
115278
111964
110620
110221
109796
108047
107994
106657
104178
103390
102226
100886
100761
100734
99304
98667
97529
96818
94026
93198
93031
92272
88930
88218
86667
86525
84782
83709
83647
83634
83088
82354
80613
79182
78862
76561
76172
74977
74974
74038
72413
71941
71742
71651
70793
68537
68411
68222
68169
67855
65130
64272
64197
63845
63813
61520
60731
58628
58606
58206
55930
54428
51377
50374
47864
47472
47257
46313
46060
46055
44187
43202
41622
41384
40065
39937
37006
36999
36510
35414
35404
32563
32164
30879
26543
23926
23345
23295
23043
18673
16439
13336
12812
12552
12390
12252
12025
11965
11734
9667
9170
8236
7826
7755
5796
5712
4079
3676
1854
1660
615
